9.901173909505208703e-01
9.519017537434896203e-01
9.585011800130208703e-01
9.650561014811197547e-01
9.509989420572916297e-01
9.242604573567708703e-01
9.070638020833333703e-01
8.950646718343099328e-01
8.923255072699652901e-01
8.857808430989583259e-01
8.904603900331439226e-01
8.959087795681424105e-01
9.031430757962740641e-01
8.978416806175595344e-01
8.961659749348958037e-01
9.004465738932291297e-01
9.022767310049019107e-01
8.958378544560184897e-01
8.999944318804824483e-01
8.978131612141927453e-01
8.928348601810516261e-01
8.928107059363162845e-01
8.962484166242074002e-01
8.927273220486111605e-01
8.957208251953124867e-01
8.992358476687700719e-01
8.994965729890046502e-01
8.981998988560268016e-01
9.009871208804777210e-01
9.020375569661458481e-01
8.989584317771337485e-01
8.986816406250000000e-01
8.950853444109059254e-01
8.925185858034619946e-01
8.918926420665922450e-01
8.929465964988425597e-01
8.954148850999437137e-01
8.935498689350328538e-01
8.911700126452323234e-01
8.907140096028646203e-01
8.883970927416793284e-01
8.863990420386904656e-01
8.873609202776768790e-01
8.871959339488636465e-01
8.888953314887152457e-01
8.905671714008718265e-01
8.923645019531250000e-01
8.940670225355360490e-01
8.939410358870110151e-01
8.956189982096354196e-01
8.934808868208742316e-01
