9.532932692307691802e-01
7.197534339946952686e-01
7.844252838131808847e-01
7.792389322236771276e-01
6.681912739195723372e-01
5.205499299708614691e-01
4.424168446750076367e-01
3.842259406420803214e-01
3.861709907825935928e-01
3.494914733802029216e-01
3.666791423835748520e-01
4.117725960789949680e-01
4.564001554666965443e-01
4.318044963890673715e-01
4.159425210186611932e-01
4.454612420670897577e-01
4.383483910018536878e-01
4.092753437389827220e-01
4.336015913542886069e-01
4.189058251865563909e-01
3.986615782721203982e-01
3.885481192903141312e-01
4.004276060197112797e-01
3.859829590668245047e-01
3.991517486099860346e-01
4.109022994947196250e-01
4.200512428622519279e-01
4.150499294922712634e-01
4.270361284861599049e-01
4.335457433041841613e-01
4.180531813057476453e-01
4.127066315578052369e-01
3.968930858623267999e-01
3.859335591389302933e-01
3.784458744755052062e-01
3.852434809417950023e-01
3.981014345648402064e-01
3.898350337343814420e-01
3.784684205587011685e-01
3.797978602571559503e-01
3.691079796402969571e-01
3.594309840804194023e-01
3.636773679666638892e-01
3.591855068123970818e-01
3.713628105108932598e-01
3.830149204975743515e-01
3.880270086349367209e-01
3.996235745166913933e-01
3.990840553048512485e-01
4.063859500536858294e-01
3.968971543602180518e-01
