0.10705991834402084
0.14257539808750153
0.10217344760894775
0.11036155372858047
0.09401216357946396
0.13305987417697906
0.15738482773303986
0.09085272997617722
0.1397833228111267
0.16146732866764069
0.12770332396030426
0.15292133390903473
0.15043504536151886
0.1358899623155594
0.12335711717605591
0.11401765793561935
0.09480800479650497
0.095992811024189
0.10253345966339111
0.13081228733062744
0.12263474613428116
0.13657528162002563
0.11005709320306778
0.13673986494541168
0.1339232325553894
0.11589062213897705
0.08581268787384033
0.13846389949321747
0.1447688192129135
0.12181242555379868
0.11510154604911804
0.13326868414878845
0.08345907926559448
0.1353398710489273
0.12672346830368042
0.1254855841398239
0.14257478713989258
0.08737380057573318
0.14775411784648895
0.1348707526922226
0.14101004600524902
0.07715299725532532
0.13798630237579346
0.13250604271888733
0.13349024951457977
0.13266099989414215
0.14747591316699982
0.1375909298658371
0.1326974481344223
0.1354343295097351
0.14516128599643707
0.12484335154294968
0.09070423990488052
0.12541119754314423
0.11620048433542252
0.10953911393880844
0.12421292811632156
0.11434998363256454
0.1519836038351059
0.14578618109226227
0.1298939436674118
0.16601353883743286
0.15122519433498383
0.14495734870433807
0.08320941776037216
0.10918017476797104
0.11111271381378174
0.0783160924911499
0.16100355982780457
0.13130389153957367
0.15789085626602173
0.09092768281698227
0.13286133110523224
0.09650212526321411
0.14852376282215118
0.13401390612125397
0.10720620304346085
0.11324743181467056
0.1156826987862587
0.10626821964979172
