1.385952532291412354e-01
1.288657784461975098e-01
1.557383686304092407e-01
8.151518553495407104e-02
1.032104864716529846e-01
1.151282414793968201e-01
1.399233341217041016e-01
1.487328559160232544e-01
1.307271271944046021e-01
1.322734355926513672e-01
1.264511942863464355e-01
1.613950878381729126e-01
1.171677634119987488e-01
1.117519363760948181e-01
1.023776903748512268e-01
1.260747462511062622e-01
1.136225387454032898e-01
1.380373239517211914e-01
1.319299489259719849e-01
1.373690515756607056e-01
1.416179388761520386e-01
8.869645744562149048e-02
1.201188862323760986e-01
1.124091371893882751e-01
1.073115989565849304e-01
1.046609953045845032e-01
1.381085067987442017e-01
1.461892724037170410e-01
9.948489814996719360e-02
1.374204009771347046e-01
1.553415805101394653e-01
1.244530454277992249e-01
1.648508608341217041e-01
1.345124542713165283e-01
1.353069543838500977e-01
1.261905282735824585e-01
1.291515082120895386e-01
1.307588815689086914e-01
1.218069493770599365e-01
1.590621471405029297e-01
1.560573428869247437e-01
1.412328183650970459e-01
1.004361733794212341e-01
1.011481285095214844e-01
1.503984779119491577e-01
1.221278607845306396e-01
9.339740872383117676e-02
1.327495425939559937e-01
1.469980627298355103e-01
1.323915570974349976e-01
1.269314289093017578e-01
