0.11277610808610916
0.06601997464895248
0.13908952474594116
0.12957905232906342
0.09227293729782104
0.10059469938278198
0.1353965401649475
0.11197036504745483
0.1339908242225647
0.0745026096701622
0.1248011589050293
0.1623021364212036
0.10404638200998306
0.1249612346291542
0.10522154718637466
0.10982591658830643
0.07799205929040909
0.1409350484609604
0.11630316823720932
0.10775987058877945
0.14888572692871094
0.145929753780365
0.13616298139095306
0.14838667213916779
0.13043351471424103
0.16620992124080658
0.08334977179765701
0.13172495365142822
0.08806445449590683
0.13633529841899872
0.08675964921712875
0.12656830251216888
0.132764533162117
0.11679329723119736
0.09425920993089676
0.15153510868549347
0.14426909387111664
0.1410752236843109
0.12403742223978043
0.10439928621053696
0.14807893335819244
0.11298135668039322
0.13100387156009674
0.12188772112131119
0.12068146467208862
0.12263897061347961
0.15415014326572418
0.14351023733615875
0.1290130615234375
0.15523022413253784
0.1164550706744194
0.07916909456253052
0.11340942978858948
0.1266004890203476
0.13630010187625885
0.14767952263355255
0.15873728692531586
0.1377914398908615
0.1139463558793068
0.129668191075325
0.1267446130514145
0.08807334303855896
0.13462002575397491
0.10713184624910355
0.11967307329177856
0.1271405816078186
0.09773578494787216
0.13621555268764496
0.10891769081354141
0.143440842628479
0.12218206375837326
0.11193173378705978
0.14977754652500153
0.13251641392707825
0.1355489045381546
0.15321381390094757
0.1529226452112198
0.13829022645950317
0.16253265738487244
0.11936414241790771
0.13196256756782532
0.14473064243793488
0.15534840524196625
0.07774842530488968
0.1331719011068344
0.09749183803796768
0.10251915454864502
0.11840173602104187
0.12281051278114319
0.14446760714054108
0.1422107070684433
0.13680477440357208
0.1396540254354477
0.11093423515558243
0.08779892325401306
0.1330357939004898
0.12438011914491653
0.1469181329011917
0.11041093617677689
0.1201859787106514
0.15985573828220367
0.143097385764122
0.15890072286128998
0.11206219345331192
0.10562292486429214
0.14953838288784027
0.12496571987867355
0.11356723308563232
0.1493726223707199
0.13683409988880157
0.09180840849876404
0.15972179174423218
0.13298650085926056
0.16228929162025452
0.11464232206344604
0.11874107271432877
0.11042674630880356
0.11979328840970993
0.12274054437875748
0.1260276585817337
0.0960136130452156
0.12813396751880646
0.15854929387569427
0.1179981529712677
0.12079307436943054
0.12844419479370117
0.14324888586997986
0.12933078408241272
0.09366804361343384
0.11150256544351578
0.15967614948749542
0.1352826952934265
0.1297580450773239
0.16817869246006012
0.09948567301034927
0.15346677601337433
0.08762916922569275
0.1274080127477646
0.12156593799591064
0.1033506914973259
0.12973608076572418
0.14872777462005615
0.08306797593832016
0.13417373597621918
0.12662452459335327
0.12805227935314178
0.11457381397485733
0.09232600778341293
0.12043079733848572
0.1401473879814148
0.0914093479514122
0.10595002770423889
0.12736201286315918
0.116058349609375
0.1517888456583023
0.08920232206583023
0.10889186710119247
0.08036238700151443
0.15511949360370636
0.11266062408685684
0.16089051961898804
0.0868806317448616
0.12309473752975464
0.1115071177482605
0.1162414476275444
0.1421653777360916
0.13894914090633392
0.11431541293859482
0.1419888436794281
0.14226721227169037
0.12688393890857697
0.15340553224086761
0.14307399094104767
0.11515918374061584
0.13137899339199066
0.0614200234413147
0.06565248966217041
0.13432256877422333
0.10290219634771347
0.10434252768754959
0.11887715011835098
0.13592882454395294
0.13841570913791656
0.12252648919820786
0.13442988693714142
0.08325415849685669
0.1091718077659607
0.12742510437965393
0.15009690821170807
0.07614441961050034
0.13771633803844452
0.1152866780757904
0.1291334480047226
0.13758863508701324
0.162032350897789
0.1530902087688446
0.09071101993322372
0.10190468281507492
0.12755335867404938
0.1248522475361824
0.1474687159061432
0.145211860537529
0.14822955429553986
0.09212133288383484
0.12793731689453125
0.12213930487632751
0.08474481850862503
0.11765053123235703
0.15441443026065826
0.11978264898061752
0.11421332508325577
0.10571271926164627
0.15820874273777008
0.10690661519765854
0.15961994230747223
0.1428607553243637
0.1308918595314026
0.1395750492811203
0.10513735562562943
0.09502200037240982
0.1296299248933792
0.14515812695026398
0.14835943281650543
0.12311633676290512
0.10293553024530411
0.14516563713550568
0.13348455727100372
0.09902682155370712
0.10812681168317795
0.09485366195440292
0.10668575763702393
0.10453998297452927
0.16382397711277008
0.1365574598312378
0.1253422647714615
0.15644654631614685
0.14625470340251923
0.1543194055557251
0.10295551270246506
0.12446526437997818
0.1256539672613144
0.10011684894561768
0.12651541829109192
0.132388636469841
0.10505133867263794
0.12288883328437805
0.0987464115023613
0.07295877486467361
0.14587168395519257
0.10676594823598862
0.12404248863458633
0.09784222394227982
0.12921984493732452
0.11876020580530167
0.07063683122396469
0.1339547336101532
0.10250470787286758
0.15429379045963287
0.12636230885982513
0.14271320402622223
0.09727216511964798
0.10971836000680923
0.11840345710515976
0.11934399604797363
0.14075838029384613
0.12582920491695404
0.142513707280159
0.13078097999095917
0.15677393972873688
0.11042129993438721
0.15196703374385834
0.09729508310556412
0.13896797597408295
0.08728723973035812
0.10078883916139603
0.1038847342133522
0.11096344143152237
0.11645493656396866
0.13460969924926758
0.13100405037403107
0.08576349169015884
0.11703485250473022
0.16319935023784637
0.11475130170583725
0.12778939306735992
0.13488511741161346
0.08627399057149887
0.1279909610748291
0.13824038207530975
0.16660191118717194
0.132166787981987
0.15529675781726837
0.09570267051458359
0.12412092834711075
0.11215224117040634
0.12936866283416748
0.1502724438905716
0.1469774693250656
0.145999938249588
0.09551406651735306
0.11966242641210556
0.10502159595489502
0.1634744107723236
0.12970030307769775
0.13697747886180878
0.1263308972120285
0.13551504909992218
0.1498519331216812
0.13111774623394012
0.12180187553167343
0.15149258077144623
0.09419876337051392
0.13388420641422272
0.1408282369375229
0.10904183238744736
0.10973937064409256
0.15719576179981232
0.1416022777557373
0.15247280895709991
0.15213117003440857
0.13371144235134125
0.14562545716762543
0.10492962598800659
0.22203095257282257
0.10365257412195206
0.13574260473251343
0.11869245767593384
0.11362532526254654
0.12186523526906967
0.16489343345165253
0.15982449054718018
0.15089921653270721
0.06583791226148605
0.09475776553153992
0.15005643665790558
0.08303556591272354
0.12285401672124863
0.11694470793008804
0.14395098388195038
0.1442064493894577
0.12006203085184097
0.12726694345474243
0.13282403349876404
0.14598168432712555
0.1150379404425621
0.1210174560546875
0.13995109498500824
0.13562485575675964
0.12078271061182022
0.14824871718883514
0.14476345479488373
0.11141198128461838
0.12270313501358032
0.11360336095094681
0.14490656554698944
0.14848102629184723
0.1456627994775772
0.10530181974172592
0.16052083671092987
0.14673568308353424
0.09933605045080185
0.1309109330177307
0.11583862453699112
0.08730661869049072
0.11723200231790543
0.08804772049188614
0.13726173341274261
0.16457562148571014
0.138882577419281
0.09030894190073013
0.0868101492524147
0.13203604519367218
0.11655931919813156
0.10137525945901871
0.11984491348266602
0.10916775465011597
0.1465061753988266
0.1537560075521469
0.10385236889123917
0.08496516942977905
0.0774083063006401
0.14902733266353607
0.11406717449426651
0.1057773306965828
0.11409280449151993
0.1284911036491394
0.10796248912811279
0.13353730738162994
0.13598226010799408
0.10893820971250534
0.13819171488285065
0.13713370263576508
0.15285822749137878
0.1404029130935669
0.14007003605365753
0.13004915416240692
0.1191791221499443
0.1063905581831932
0.11290375143289566
0.10814788192510605
0.09049013257026672
0.13424751162528992
0.10112830251455307
0.13401244580745697
0.1499893218278885
0.12045488506555557
0.1410568505525589
0.1315578669309616
0.1254016011953354
0.14082612097263336
0.10692580789327621
0.13421839475631714
0.1595461219549179
0.11674264818429947
0.11894043534994125
0.0967855229973793
0.12835532426834106
0.15425865352153778
0.0983291044831276
0.1470051258802414
0.13172172009944916
0.12373083829879761
0.11789699643850327
0.1419907957315445
0.15348900854587555
0.15679843723773956
0.11397532373666763
0.1067379042506218
0.08748815208673477
0.12428730726242065
0.16428624093532562
0.11577383428812027
0.16060870885849
0.12010514736175537
0.12181396037340164
0.09623818844556808
0.15404023230075836
0.15383930504322052
0.14145156741142273
0.14371991157531738
0.1594032645225525
0.10457142442464828
0.12782031297683716
0.10172756761312485
0.10070864111185074
0.11195582151412964
0.16648344695568085
0.1051454246044159
0.09141027927398682
0.1353321224451065
0.14208991825580597
0.09765225648880005
0.14146292209625244
0.11803632974624634
0.12299557775259018
0.09778833389282227
0.09095773845911026
0.13823302090168
0.14837437868118286
0.11277379840612411
0.1293722689151764
0.13267862796783447
0.08867243677377701
0.15438270568847656
0.15404637157917023
0.10812148451805115
0.10399985313415527
0.1222577914595604
0.0874018669128418
0.10992682725191116
0.12179040908813477
0.1610862910747528
0.10136326402425766
0.09167761355638504
0.11535284668207169
0.10832426697015762
0.09404147416353226
0.11976175755262375
0.15356029570102692
0.1272306591272354
0.1094498261809349
0.1451730728149414
0.13050870597362518
0.14672808349132538
0.09273114055395126
0.08761540800333023
0.12606604397296906
0.15100066363811493
0.1619969755411148
0.14965571463108063
0.10115489363670349
0.13611386716365814
0.12921683490276337
0.12385004013776779
0.12590621411800385
0.06794797629117966
0.13489355146884918
0.12363255023956299
0.08815145492553711
0.13936510682106018
0.15297822654247284
0.12379062175750732
0.11453986167907715
0.1412740796804428
0.14745695888996124
0.08910753577947617
0.1230635941028595
0.14389808475971222
0.14725710451602936
0.04910178855061531
0.10416371375322342
0.10391991585493088
0.13037614524364471
0.1324591487646103
0.09488362073898315
0.15814948081970215
0.12125154584646225
0.11096016317605972
0.15055596828460693
0.09695132821798325
0.12730228900909424
0.10792704671621323
0.11986527591943741
0.13351358473300934
0.08430702239274979
0.13361336290836334
0.13090556859970093
0.1342986524105072
0.11771518737077713
0.15979403257369995
0.10676038265228271
0.11634542793035507
0.14827679097652435
0.133809894323349
0.13182894885540009
0.13566814363002777
0.12536512315273285
0.13576726615428925
0.11074449867010117
0.10985118895769119
0.08233977854251862
0.1667107343673706
0.15007629990577698
0.11142153292894363
0.09868433326482773
0.09822991490364075
0.11566159874200821
0.14631398022174835
0.14000843465328217
0.11491436511278152
0.12912164628505707
0.1627480834722519
0.11500716209411621
0.11124924570322037
0.16487865149974823
0.14997896552085876
0.14417767524719238
0.1392308622598648
0.10809149593114853
0.07014521211385727
0.10436560958623886
0.09301310032606125
0.12427502870559692
0.15334828197956085
0.13672451674938202
0.12108918279409409
0.15783162415027618
0.13260237872600555
0.13595668971538544
0.13200105726718903
0.1135745570063591
0.16309507191181183
0.09358734637498856
0.11368919163942337
0.0885419026017189
0.10242228955030441
0.10810995101928711
0.10251589864492416
0.1291816681623459
0.10662707686424255
0.10798005014657974
0.0932004526257515
0.09297098964452744
0.13138993084430695
0.1391204446554184
0.1380007416009903
0.15587647259235382
0.13746298849582672
0.1651638150215149
0.08476408571004868
0.0969492569565773
0.13335102796554565
0.11213744431734085
0.08059035241603851
0.12013375759124756
0.13381469249725342
0.09687864780426025
0.13585415482521057
0.15349788963794708
0.11502673476934433
0.13086281716823578
0.14578349888324738
0.13145452737808228
0.14660896360874176
0.09396088868379593
0.14378482103347778
0.13715295493602753
0.15534700453281403
0.12559053301811218
0.13631434738636017
0.16087596118450165
0.10779213905334473
0.1143346056342125
0.12243232876062393
0.13205450773239136
0.14198891818523407
0.132427379488945
0.1461896300315857
0.1114334836602211
0.12762108445167542
0.11463048309087753
0.11363562941551208
0.13019846379756927
0.15746234357357025
0.14651095867156982
0.14154130220413208
0.12367689609527588
0.11319009214639664
0.10861963033676147
0.12792731821537018
0.1349010318517685
0.16368742287158966
0.11163312941789627
0.12838976085186005
0.0856771469116211
0.1306745558977127
0.08282748609781265
0.12764056026935577
0.10643783211708069
0.12853489816188812
0.10005489736795425
0.11976069211959839
0.1126595139503479
0.12279660254716873
0.12938719987869263
0.1374497413635254
0.1215864047408104
0.0997527465224266
0.15218371152877808
0.14437109231948853
0.1040131226181984
0.14286966621875763
0.133280411362648
0.10657770186662674
0.13170984387397766
0.13491076231002808
0.13348086178302765
0.1499020904302597
0.11633346229791641
0.13045911490917206
0.11887054890394211
0.13153618574142456
0.11561702936887741
0.13203880190849304
0.14286158978939056
0.13159756362438202
0.11254200339317322
0.14848293364048004
0.120760977268219
0.1546216458082199
0.14037883281707764
0.11792141199111938
0.1338210105895996
0.10529253631830215
0.1494142860174179
0.13440369069576263
0.14596305787563324
0.12593261897563934
0.15517133474349976
0.08979243785142899
0.11388641595840454
0.09718188643455505
0.1159413531422615
0.1636265069246292
0.0907541885972023
0.1514705866575241
0.14554719626903534
0.16089940071105957
0.14099852740764618
0.0883830264210701
0.15475238859653473
0.15528489649295807
0.07050291448831558
0.13618385791778564
0.12542890012264252
0.11027151346206665
0.0658211037516594
0.12228723615407944
0.06114068627357483
0.11414730548858643
0.13254886865615845
0.10711699724197388
0.10832301527261734
0.12470072507858276
0.14667238295078278
0.09459192305803299
0.08544322103261948
0.15075109899044037
0.11945696920156479
0.11119695752859116
0.1209426298737526
0.16099447011947632
0.14662688970565796
0.11230158805847168
0.11394908279180527
0.1402103453874588
0.10931110382080078
0.14482520520687103
0.10036581754684448
0.10510680079460144
0.11255652457475662
0.1057622954249382
0.1443568468093872
0.10880034416913986
0.10083067417144775
0.08602308481931686
0.09606368094682693
0.13225513696670532
0.13549143075942993
0.12760832905769348
0.10665052384138107
0.12839187681674957
0.12702997028827667
0.09556970000267029
0.11195039749145508
0.132098987698555
0.11418501287698746
0.13415254652500153
0.14544706046581268
0.14086374640464783
0.15304602682590485
0.1554991751909256
0.09615596383810043
0.11029070615768433
0.16144438087940216
0.11848441511392593
0.14547669887542725
0.11619047075510025
0.16190727055072784
0.11450774222612381
0.10111159086227417
0.12967424094676971
0.1017909049987793
0.10639617592096329
0.13519631326198578
0.16453289985656738
0.15288139879703522
0.09073612838983536
0.14360098540782928
0.12426352500915527
0.14618851244449615
0.13475801050662994
0.08330047130584717
0.09598562866449356
0.14789381623268127
0.13876457512378693
0.10402297228574753
0.11793917417526245
0.12914888560771942
0.13269536197185516
0.11208314448595047
0.12972436845302582
0.13719530403614044
0.14185230433940887
0.09739796072244644
0.14044253528118134
0.15431202948093414
0.12863081693649292
0.07962031662464142
0.10271960496902466
0.15286248922348022
0.10240903496742249
0.11812549829483032
0.08533333986997604
0.14052174985408783
0.1351517289876938
0.11227798461914062
0.12838970124721527
0.13516028225421906
0.10397645086050034
0.12110212445259094
0.13127757608890533
0.16537636518478394
0.14500902593135834
0.13133837282657623
0.12155316025018692
0.10185735672712326
0.1241036057472229
0.14993901550769806
0.13281449675559998
