0.000000000000000000e+00
0.000000000000000000e+00
0.000000000000000000e+00
0.000000000000000000e+00
0.000000000000000000e+00
0.000000000000000000e+00
0.000000000000000000e+00
0.000000000000000000e+00
0.000000000000000000e+00
0.000000000000000000e+00
0.000000000000000000e+00
0.000000000000000000e+00
0.000000000000000000e+00
3.403663635253906250e-03
6.075414021809896065e-02
1.178445816040039062e-01
1.692421857048483358e-01
2.149998346964518137e-01
2.559423948589124032e-01
2.927495002746581809e-01
3.260429927280971141e-01
3.562866557728160410e-01
3.838389852772588484e-01
4.090443452199299945e-01
4.323136901855468839e-01
4.538326263427734375e-01
4.737678103976779576e-01
4.922862734113420680e-01
5.095420705861058996e-01
5.256374994913737275e-01
5.406853460496471309e-01
5.547873973846435547e-01
5.680296348802971185e-01
5.804863537059110623e-01
5.922345297677176212e-01
6.033351686265733260e-01
6.138397938496357176e-01
6.337948568243729675e-01
6.632578414525741328e-01
6.922729969024658647e-01
6.522729969024658647e-01
6.622729969024658647e-01
6.722729969024658647e-01
6.822729969024658647e-01
6.922729969024658647e-01
6.922729969024658647e-01
6.922729969024658647e-01
6.922729969024658647e-01
6.922729969024658647e-01
6.922729969024658647e-01