8.682628870010375977e-01
8.653726577758789062e-01
8.593717813491821289e-01
8.716990351676940918e-01
8.572313785552978516e-01
8.598999977111816406e-01
8.507571220397949219e-01
8.522348999977111816e-01
8.435943722724914551e-01
8.382732868194580078e-01
8.338604569435119629e-01
8.098419904708862305e-01
7.824299335479736328e-01
7.314966320991516113e-01
6.491595506668090820e-01
4.929617941379547119e-01
3.411893248558044434e-01
4.532328546047210693e-01
3.541871309280395508e-01
2.376013100147247314e-01
3.489293456077575684e-01
3.840698003768920898e-01
3.353908956050872803e-01
3.723917901515960693e-01
3.990173637866973877e-01
2.346090376377105713e-01
3.167087435722351074e-01
3.123996853828430176e-01
2.944880425930023193e-01
2.884606122970581055e-01
3.890046179294586182e-01
2.976602315902709961e-01
3.439708352088928223e-01
3.297240734100341797e-01
3.870098590850830078e-01
2.839095890522003174e-01
2.683619558811187744e-01
2.244340479373931885e-01
2.680955529212951660e-01
4.602355062961578369e-01
3.890046179294586182e-01
2.976602315902709961e-01
3.439708352088928223e-01
3.297240734100341797e-01
3.870098590850830078e-01
2.839095890522003174e-01
2.683619558811187744e-01
2.244340479373931885e-01
2.680955529212951660e-01
2.680955529212951660e-01