6.491595506668090820e-01
5.929617941379547119e-01
5.411893248558044434e-01
4.532328546047210693e-01
3.541871309280395508e-01
3.376013100147247314e-01
3.489293456077575684e-01
3.840698003768920898e-01
3.353908956050872803e-01
3.723917901515960693e-01
3.990173637866973877e-01
2.346090376377105713e-01
2.167087435722351074e-01
2.123996853828430176e-01
2.944880425930023193e-01
2.884606122970581055e-01
1.136225387454032898e-01
1.380373239517211914e-01
1.319299489259719849e-01
1.373690515756607056e-01
1.416179388761520386e-01
8.869645744562149048e-02
1.201188862323760986e-01
1.124091371893882751e-01
1.073115989565849304e-01
1.046609953045845032e-01
1.381085067987442017e-01
1.461892724037170410e-01
9.948489814996719360e-02
1.374204009771347046e-01
1.553415805101394653e-01
1.244530454277992249e-01
1.648508608341217041e-01
1.345124542713165283e-01
1.353069543838500977e-01
1.261905282735824585e-01
1.291515082120895386e-01
1.307588815689086914e-01
1.218069493770599365e-01
1.590621471405029297e-01
1.560573428869247437e-01
1.412328183650970459e-01
1.004361733794212341e-01
1.011481285095214844e-01
1.503984779119491577e-01
1.221278607845306396e-01
9.339740872383117676e-02
1.327495425939559937e-01
1.469980627298355103e-01
1.323915570974349976e-01